clearvars;
m = 1000;
b = 50;
Ts = 0.01;
u = 100;
Kp = 890;
Ki = 110;
Kd = 80;
