clearvars;
J = 0.01;
b = 0.1;
K = 0.01;
R = 1;
L = 0.5;
Ts = 0.01;
Kp = 210;
Ki = 630;
Kd = 20;